#!/usr/bin/python3
# -*- coding: utf-8 -*-

from io import StringIO

import pandas as pd
from skbio import DistanceMatrix

lauber_soil_citation = "http://www.ncbi.nlm.nih.gov/pubmed/19502440"

lauber_soil_sample_md_str = """	pH	ENVO biome	Latitude
CF3.141691	3.56	ENVO:Temperate broadleaf and mixed forest biome	42.11666667
PE5.141692	3.57	ENVO:Tropical humid forests	-12.63333333
BF2.141708	3.61	ENVO:Temperate broadleaf and mixed forest biome	41.58333333
CF2.141679	3.63	ENVO:Temperate broadleaf and mixed forest biome	41.93333333
CF1.141675	3.92	ENVO:Temperate broadleaf and mixed forest biome	42.15833333
HF2.141686	3.98	ENVO:Temperate broadleaf and mixed forest biome	42.5
BF1.141647	4.05	ENVO:Temperate broadleaf and mixed forest biome	41.58333333
PE4.141683	4.1	ENVO:Tropical humid forests	-13.08333333
PE2.141725	4.11	ENVO:Tropical humid forests	-13.08333333
PE1.141715	4.12	ENVO:Tropical humid forests	-13.08333333
PE6.141700	4.12	ENVO:Tropical humid forests	-12.65
TL3.141709	4.23	ENVO:shrubland	68.63333333
HF1.141663	4.25	ENVO:Temperate broadleaf and mixed forest biome	42.5
PE3.141731	4.25	ENVO:Tropical humid forests	-13.08333333
BB1.141690	4.3	ENVO:Tropical humid forests	44.87
MP2.141695	4.38	ENVO:Temperate broadleaf and mixed forest biome	49.46666667
MP1.141661	4.56	ENVO:Temperate grasslands	49.46666667
TL1.141653	4.58	ENVO:grassland	68.63333333
BB2.141659	4.6	ENVO:Temperate broadleaf and mixed forest biome	44.86666667
LQ3.141712	4.67	ENVO:Tropical humid forests	18.3
CL3.141664	4.89	ENVO:Temperate broadleaf and mixed forest biome	34.61666667
LQ1.141701	4.89	ENVO:Tropical humid forests	18.3
HI4.141735	4.92	ENVO:Tropical and subtropical grasslands, savannas, and shrubland biome	20.08333333
SN1.141681	4.95	ENVO:Temperate broadleaf and mixed forest biome	36.45
LQ2.141729	5.03	ENVO:Tropical humid forests	18.3
CL4.141667	5.03	ENVO:Temperate grasslands	34.61666667
DF3.141696	5.05	ENVO:Temperate broadleaf and mixed forest biome	35.96666667
BZ1.141724	5.12	ENVO:forest	64.8
SP2.141678	5.13	ENVO:Temperate grasslands	36.61666667
IE1.141648	5.27	ENVO:Temperate grasslands	41.8
HJ2.141717	5.36	ENVO:Temperate broadleaf and mixed forest biome	44.21666667
DF1.141684	5.37	ENVO:Temperate broadleaf and mixed forest biome	35.96666667
HJ1.141718	5.41	ENVO:Temperate broadleaf and mixed forest biome	44.21666667
IT2.141720	5.42	ENVO:Temperate broadleaf and mixed forest biome	47.18333333
SK1.141669	5.45	ENVO:forest	53.9
PE7.141734	5.51	ENVO:Tropical humid forests	-12.65
IE2.141655	5.52	ENVO:Temperate grasslands	41.8
VC1.141722	5.55	ENVO:forest	35.9
CL2.141671	5.57	ENVO:Temperate grasslands	34.61666667
CL1.141697	5.68	ENVO:Temperate broadleaf and mixed forest biome	34.61666667
CO2.141657	5.68	ENVO:forest	40.58333333
SN3.141650	5.74	ENVO:shrubland	36.45
IT1.141711	5.78	ENVO:Temperate broadleaf and mixed forest biome	47.16666667
AR1.141727	5.8	ENVO:Tropical humid forests	-27.73333333
SK3.141716	5.83	ENVO:forest	53.6
AR3.141705	5.9	ENVO:Tropical humid forests	-27.73333333
VC2.141694	5.99	ENVO:grassland	35.9
AR2.141703	6.0	ENVO:Tropical humid forests	-27.73333333
CO3.141651	6.02	ENVO:grassland	40.8
CC1.141721	6.06	ENVO:Temperate grasslands	45.4
CO1.141714	6.13	ENVO:forest	40.4
SK2.141662	6.18	ENVO:forest	53.98333333
SP1.141656	6.25	ENVO:shrubland	36.5
HI2.141672	6.32	ENVO:Tropical and subtropical grasslands, savannas, and shrubland biome	20.08333333
KP1.141713	6.37	ENVO:Temperate grasslands	39.1
HI1.141693	6.45	ENVO:Tropical and subtropical grasslands, savannas, and shrubland biome	20.08333333
TL2.141706	6.47	ENVO:shrubland	68.63333333
HI3.141676	6.53	ENVO:Tropical and subtropical grasslands, savannas, and shrubland biome	20.08333333
MT2.141698	6.66	ENVO:forest	46.8
DF2.141726	6.84	ENVO:Temperate broadleaf and mixed forest biome	35.96666667
GB1.141665	6.84	ENVO:grassland	39.33333333
SR1.141680	6.84	ENVO:shrubland	34.7
SA1.141670	6.9	ENVO:forest	35.36666667
SR3.141674	6.95	ENVO:shrubland	34.68333333
KP4.141733	7.1	ENVO:shrubland	39.1
GB3.141652	7.18	ENVO:forest	39.31666667
CA1.141704	7.27	ENVO:forest	36.05
BP1.141702	7.53	ENVO:grassland	43.75
GB2.141732	7.57	ENVO:forest	39.31666667
MT1.141719	7.57	ENVO:forest	46.8
JT1.141699	7.6	ENVO:shrubland	33.96666667
MD2.141689	7.65	ENVO:shrubland	34.9
SF1.141728	7.71	ENVO:shrubland	35.38333333
CM1.141723	7.85	ENVO:Temperate grasslands	33.3
MD3.141707	7.9	ENVO:shrubland	34.9
KP3.141658	7.92	ENVO:shrubland	39.1
SB1.141730	7.92	ENVO:shrubland	34.46666667
RT1.141654	7.92	ENVO:shrubland	31.46666667
SR2.141673	8.0	ENVO:shrubland	34.68333333
CR1.141682	8.0	ENVO:Temperate grasslands	33.93333333
CA2.141685	8.02	ENVO:shrubland	36.05
RT2.141710	8.07	ENVO:Temperate grasslands	31.46666667
MD5.141688	8.07	ENVO:shrubland	35.2
SA2.141687	8.1	ENVO:shrubland	35.36666667
GB5.141668	8.22	ENVO:shrubland	39.35
SV1.141649	8.31	ENVO:shrubland	34.33333333
SF2.141677	8.38	ENVO:shrubland	35.38333333
SV2.141666	8.44	ENVO:grassland	34.33333333
MD4.141660	8.86	ENVO:shrubland	35.2"""
lauber_soil_sample_md = pd.read_csv(
    StringIO(lauber_soil_sample_md_str), sep="\t", index_col=0
)

lauber_soil_unweighted_unifrac = """	IT2.141720	HI3.141676	MD2.141689	CA1.141704	PE5.141692	CO1.141714	DF3.141696	PE1.141715	SP2.141678	CO3.141651	SA2.141687	CM1.141723	LQ2.141729	SR2.141673	CR1.141682	VC1.141722	IE2.141655	RT2.141710	CC1.141721	TL2.141706	PE6.141700	HI1.141693	PE7.141734	BF1.141647	MP2.141695	KP1.141713	CL3.141664	SK3.141716	SF1.141728	PE4.141683	BP1.141702	SB1.141730	SF2.141677	SN1.141681	SA1.141670	KP3.141658	IE1.141648	CL1.141697	MD5.141688	SR1.141680	HI2.141672	MT1.141719	TL3.141709	SV1.141649	CO2.141657	MT2.141698	HF1.141663	CF2.141679	RT1.141654	GB1.141665	DF1.141684	PE2.141725	CA2.141685	CF1.141675	GB5.141668	LQ3.141712	DF2.141726	LQ1.141701	MD4.141660	IT1.141711	BF2.141708	SN3.141650	TL1.141653	AR3.141705	JT1.141699	BZ1.141724	HI4.141735	AR2.141703	SV2.141666	MD3.141707	KP4.141733	HJ2.141717	SR3.141674	CF3.141691	SK2.141662	AR1.141727	BB2.141659	GB3.141652	HJ1.141718	PE3.141731	MP1.141661	SP1.141656	CL4.141667	HF2.141686	VC2.141694	GB2.141732	CL2.141671	SK1.141669
IT2.141720	0.0	0.725773091052	0.840423748527	0.758482011874	0.771359564922	0.701826470377	0.703129567066	0.759157912705	0.733834113466	0.728857809727	0.779159522647	0.779077557214	0.771873434323	0.793005811266	0.779888061433	0.667300873793	0.640906302613	0.784000837393	0.692952713183	0.752485289039	0.776979159076	0.824563507319	0.722355420178	0.735134301999	0.697642054616	0.719166984884	0.678999994481	0.637515880591	0.786679757284	0.790354038163	0.755533203689	0.783381686383	0.830620234033	0.75646306659	0.728694333885	0.778714889996	0.660807943732	0.693423789512	0.838269383093	0.746090037924	0.760916673451	0.734032134333	0.700861918649	0.836923582576	0.653458845523	0.638683822007	0.753317335989	0.80785480165	0.77652521287	0.755777524938	0.668460544639	0.772640789823	0.777783719901	0.763243754162	0.802743437466	0.798105495544	0.722004061492	0.770545467085	0.876612094285	0.640903736276	0.741517185699	0.726887960639	0.740259851582	0.753887960732	0.821143939862	0.652739486274	0.78666651507	0.73784805049	0.826864477696	0.830157365182	0.711727965435	0.658102009525	0.783980531592	0.82161856584	0.710510899571	0.74654765423	0.777694289473	0.725898143961	0.708411254858	0.77617146466	0.704315546191	0.722196372016	0.723687929105	0.770607237982	0.713622333656	0.770994532905	0.713860366658	0.673966462302
HI3.141676	0.725773091052	0.0	0.81429343677	0.704665508827	0.844842481347	0.741592097109	0.77993688397	0.840415653631	0.793692039276	0.73462144505	0.748971911772	0.726967385044	0.806249711955	0.747223990154	0.726444982036	0.735887881472	0.69770222342	0.714504901033	0.70646384851	0.738422613935	0.817166853011	0.79288700253	0.715694868608	0.821348150515	0.810171843632	0.695878471242	0.726284278394	0.766466567718	0.729117548277	0.855397762605	0.697311848764	0.720575594818	0.781619830918	0.824432503645	0.742774527311	0.692466768727	0.67562843859	0.739137708135	0.805357753547	0.693125255157	0.733787366154	0.676144596063	0.805080331155	0.814804616773	0.724618208348	0.705956537748	0.83058108071	0.869761152057	0.718627893901	0.726922123354	0.76965150158	0.835449205807	0.740776552254	0.807102707019	0.747249905597	0.830017228532	0.652435950745	0.792999185826	0.839742991202	0.70729868634	0.828030738304	0.768700087368	0.833690812475	0.685875755202	0.802664501304	0.789331736942	0.818764478591	0.696691764219	0.801976687282	0.798461810061	0.666367634388	0.75021673688	0.72531515505	0.87371599298	0.746251775006	0.713439352711	0.830441268028	0.689037145585	0.789717105851	0.829189945535	0.793596976211	0.705973521787	0.712975534343	0.839352222705	0.71075488152	0.71206229417	0.700396287442	0.784531402763
MD2.141689	0.840423748527	0.81429343677	0.0	0.746520096574	0.88760585428	0.797294357301	0.868194577459	0.881765126376	0.868516190918	0.762795500279	0.735334884156	0.808751822141	0.875553646567	0.67864427186	0.770165085885	0.823355752554	0.821204500737	0.78717159326	0.819016238986	0.851417586185	0.882892475174	0.73945867647	0.853574027459	0.874712411813	0.858530990581	0.795486334044	0.852024218899	0.850647116438	0.700201392784	0.891812250929	0.757845378831	0.71161079096	0.654155972636	0.829284103694	0.73364306828	0.787195983486	0.842024508449	0.852452605398	0.638075501449	0.754625993223	0.804373137596	0.81351771316	0.853124210063	0.604686583191	0.822305326325	0.823810266968	0.872066389807	0.901704083136	0.796714315897	0.71620113723	0.855576402608	0.869997687833	0.739660111692	0.873243042166	0.668985930799	0.880044779978	0.825228753019	0.865538294052	0.694235142588	0.828622421807	0.877323266126	0.77633980072	0.871972417202	0.832669314188	0.638767783691	0.852473067506	0.892169390036	0.839222502153	0.616619726252	0.608185255122	0.793956150507	0.852932510351	0.715473308803	0.905377211994	0.8464667955	0.818747345545	0.868163796082	0.793072256006	0.843330717689	0.881565195289	0.855258825558	0.77884674162	0.816955958717	0.884155144409	0.770377998309	0.747001448824	0.829163370451	0.84125975609
CA1.141704	0.758482011874	0.704665508827	0.746520096574	0.0	0.864457805475	0.709445648312	0.829472621217	0.858239914754	0.811825652188	0.661045684539	0.65794176434	0.703023584226	0.836874803642	0.658709237576	0.680075618307	0.735500992613	0.72904417536	0.698957499106	0.712113313084	0.725173723859	0.842216816076	0.78627834568	0.761988529372	0.851152316998	0.833594088464	0.687245040254	0.76137815712	0.791039771569	0.655964075997	0.884698247334	0.651622255046	0.683515442701	0.702586011866	0.827971851617	0.676864474754	0.696916909616	0.748503873342	0.754490209797	0.794978591406	0.647139653868	0.787233044906	0.694396584761	0.823425661703	0.745785284058	0.724608641344	0.711706052509	0.8640955885	0.895160861788	0.708725196696	0.640023870345	0.798848964148	0.849435226727	0.607475382778	0.858361139887	0.68827743653	0.862534174637	0.713619265134	0.833901721981	0.817408722742	0.729757766678	0.857441315808	0.741821002834	0.839170444899	0.727572885222	0.751533995993	0.803164301688	0.85698333904	0.745888090994	0.726309630882	0.766499619083	0.696622673929	0.752703538113	0.681854897974	0.902217157188	0.741753630523	0.753128102784	0.853209737603	0.666137427308	0.798937677593	0.85959893929	0.817143715833	0.670163054887	0.75631808707	0.876014949306	0.695058991488	0.632045389698	0.745395557492	0.802090919047
PE5.141692	0.771359564922	0.844842481347	0.88760585428	0.864457805475	0.0	0.845818399475	0.687665997056	0.636487291322	0.738010912081	0.812566357989	0.865485790103	0.868234390325	0.682374001252	0.871083004944	0.872344762121	0.80052054247	0.794387394303	0.861174933218	0.820213972414	0.84915777173	0.646132454796	0.858072554376	0.773660636707	0.662497570886	0.694653318567	0.849413632276	0.745495375448	0.742729077253	0.874939320877	0.608025609053	0.860947318323	0.86809773012	0.891308559891	0.788430835983	0.849150967687	0.865901931992	0.802117585933	0.732457690067	0.888955427624	0.856465387962	0.827393158652	0.86592238082	0.709546037837	0.89791545284	0.796208932978	0.802851265845	0.669674141769	0.70111220887	0.870618505486	0.867068977134	0.740382028757	0.693578150717	0.877323057868	0.698663834425	0.888090492655	0.673072834119	0.840395566157	0.75777425288	0.909516261776	0.815725429545	0.675817072916	0.81971066228	0.778376893482	0.82754703566	0.899838806239	0.744306398546	0.743584456297	0.831103755948	0.892091550025	0.886732524628	0.845877826604	0.76056292442	0.874508881968	0.683099220853	0.831739420003	0.835904945733	0.718443198271	0.838609461325	0.749828090683	0.616498812321	0.714103352794	0.833033117018	0.778213349223	0.684182167348	0.808667885206	0.874000155512	0.803646149281	0.757202316601
CO1.141714	0.701826470377	0.741592097109	0.797294357301	0.709445648312	0.845818399475	0.0	0.783542540367	0.83921586106	0.77241642283	0.707242620534	0.755505241034	0.781309451413	0.824398434366	0.748625952809	0.779358359946	0.672382074031	0.679511117223	0.770542168481	0.706971441315	0.734758646115	0.82635663189	0.814643836036	0.776428099901	0.813985995187	0.780522635614	0.745644384649	0.726770661408	0.708545826305	0.764351453917	0.856313845859	0.709846737221	0.741664918384	0.77486070035	0.753661288151	0.700327728059	0.766320907675	0.718933751925	0.762711503564	0.814739334195	0.723181781599	0.798359191777	0.742494042586	0.775214787008	0.806350875416	0.673315235424	0.682229231222	0.818591995203	0.864036905321	0.790553187439	0.714115996809	0.742844058375	0.827522763616	0.756638841505	0.830420628365	0.756872709118	0.835425293592	0.756659425164	0.816326607343	0.836989180708	0.696972735314	0.805316222255	0.671144220669	0.797769114063	0.756578609073	0.792722559973	0.722359318109	0.825194981264	0.76477220949	0.788834444516	0.792823136623	0.727375793632	0.724170001708	0.737269438796	0.878315694715	0.734825967476	0.761878108235	0.823549513674	0.715683670904	0.756257777735	0.833671076529	0.778340785101	0.700818101966	0.729729299347	0.840337744149	0.707534609909	0.734445360388	0.721950100873	0.7312195981
DF3.141696	0.703129567066	0.77993688397	0.868194577459	0.829472621217	0.687665997056	0.783542540367	0.0	0.67259196636	0.691059722298	0.788354441309	0.834355233899	0.833614246515	0.707328995193	0.840635667045	0.838618765224	0.732282961226	0.716506100671	0.829236520199	0.766185183113	0.810563567535	0.69804305061	0.83371239657	0.749320410482	0.653849845862	0.657706653003	0.812102215213	0.656890248525	0.676892115458	0.837613898876	0.697858758804	0.82413700179	0.837848152447	0.870040988918	0.743537980269	0.81319295055	0.839039865949	0.73587632348	0.661736720843	0.867410150701	0.810512302516	0.782255509709	0.82111618802	0.65755706484	0.882781445907	0.725692327223	0.743902232785	0.635947727533	0.727988390789	0.837471553774	0.826074713469	0.665777000518	0.71977389406	0.84481635113	0.666204950601	0.852565471972	0.726135973874	0.78922830885	0.736359341407	0.897293436128	0.751557922894	0.677820272629	0.779117782739	0.755544363413	0.791360067642	0.870963428815	0.685052988159	0.70360531656	0.788308218602	0.863650793482	0.858556411253	0.800674039008	0.69975054384	0.827248878353	0.734921435387	0.786373955582	0.794253324271	0.701710331124	0.790108849618	0.671714344819	0.68797405464	0.691372287918	0.786542592456	0.732935216409	0.665883334697	0.768556021105	0.854646046721	0.732598123492	0.683121159457
PE1.141715	0.759157912705	0.840415653631	0.881765126376	0.858239914754	0.636487291322	0.83921586106	0.67259196636	0.0	0.71707907341	0.824251536046	0.859930532777	0.857991642038	0.71053485237	0.870371273876	0.870010184484	0.792712975418	0.776796210654	0.85039475219	0.798047962057	0.839104786808	0.690002607463	0.849859795678	0.77106969353	0.659405757273	0.66825780799	0.840473629692	0.728610924548	0.703451815224	0.872683467839	0.623142635198	0.857593689387	0.87001539661	0.89172523266	0.785917354724	0.849847144416	0.857903389931	0.773460966558	0.723258912759	0.87792806532	0.848679905899	0.82532382892	0.851767837836	0.706756514296	0.891038147849	0.778764994873	0.791641982742	0.651756893815	0.719835521661	0.87043710991	0.852329691091	0.711858221284	0.624159317868	0.86687621503	0.676067010672	0.873383537153	0.701222947934	0.824318724963	0.732141477538	0.902938092579	0.805482709558	0.689103150204	0.821984192086	0.759311153687	0.820567123911	0.881651476748	0.724358760311	0.728211317649	0.814388528339	0.890911243332	0.87136751646	0.828976917881	0.744424940536	0.87221887496	0.6867591797	0.807663299423	0.806313613938	0.706825193863	0.839026964343	0.720878157725	0.603029451919	0.699456696089	0.822439626464	0.781969112594	0.652984881002	0.812657135171	0.862470516065	0.79780306402	0.755930422531
SP2.141678	0.733834113466	0.793692039276	0.868516190918	0.811825652188	0.738010912081	0.77241642283	0.691059722298	0.71707907341	0.0	0.784878483446	0.837401489276	0.828875434699	0.756783109579	0.842443438713	0.842344742885	0.736618779194	0.725898659561	0.830750173154	0.753106723879	0.771840325344	0.729769159496	0.835168572598	0.7568801097	0.696387556883	0.686815358071	0.81147000027	0.715837161478	0.686614237821	0.837842883587	0.765894671756	0.818645642813	0.836418893534	0.855901266132	0.754977729403	0.815935895523	0.823779453221	0.730250045352	0.730211188839	0.866371680678	0.800543583673	0.815103446415	0.81905693441	0.693808653912	0.871996479807	0.741565787031	0.742839845162	0.692708055202	0.768826919463	0.840004756388	0.815884916633	0.695160801387	0.730991678664	0.824791558891	0.70777205938	0.841445655169	0.740458709307	0.792515605324	0.731112247606	0.889227221478	0.755814178825	0.730728192703	0.76008986703	0.700045946964	0.791592600714	0.863372598427	0.695712427626	0.700085508054	0.792760912785	0.86222369994	0.85351565461	0.798410017846	0.687683085231	0.828322879517	0.780822594856	0.766185185574	0.793804218083	0.692302692993	0.80153752729	0.67990172952	0.714809653421	0.683800250685	0.784794919774	0.758564389048	0.743270793638	0.764164355083	0.826204667726	0.75773899141	0.723513824746
CO3.141651	0.728857809727	0.73462144505	0.762795500279	0.661045684539	0.812566357989	0.707242620534	0.788354441309	0.824251536046	0.784878483446	0.0	0.703038409514	0.741648220397	0.807416882564	0.686387126298	0.718692938842	0.725031317479	0.705751640203	0.730371791039	0.708274709212	0.749675433299	0.804130879475	0.762432729927	0.758331364881	0.810847766873	0.795808299223	0.696128673102	0.72829612156	0.755692960687	0.697870581167	0.841617501897	0.664724373526	0.717457135295	0.738859271259	0.759950171723	0.667202089025	0.742157347087	0.736411277536	0.726486447016	0.798193983877	0.66021607033	0.73046140988	0.75180310546	0.768583772757	0.779167651223	0.692336061678	0.688650329686	0.810843390609	0.852697710292	0.745847973316	0.701711026871	0.75100411499	0.820986719879	0.671640359541	0.808987527016	0.723360384149	0.816997542507	0.756536274665	0.806234225273	0.829944461183	0.743393430273	0.812615591153	0.675973844667	0.822100266528	0.699914907977	0.775258889503	0.76782749339	0.812974142516	0.739924044512	0.747622388586	0.765542338916	0.694414439295	0.749771220136	0.694201138619	0.858056548	0.76329759714	0.739720569932	0.810991772858	0.689819590321	0.753250208983	0.815778574072	0.771872875944	0.651626188349	0.707914683679	0.827680895118	0.647314738749	0.695879701421	0.681958043459	0.737931920496
SA2.141687	0.779159522647	0.748971911772	0.735334884156	0.65794176434	0.865485790103	0.755505241034	0.834355233899	0.859930532777	0.837401489276	0.703038409514	0.0	0.705311950633	0.838282046908	0.635495189234	0.722675416152	0.764800147138	0.76882577951	0.712404277462	0.745727843909	0.758982265689	0.856926876788	0.791074704609	0.779613506542	0.858838091035	0.834490998254	0.727803573744	0.783502834302	0.814129338471	0.66779833512	0.884266363012	0.669028400108	0.691103837434	0.695152158015	0.830573704333	0.664690562864	0.714443960138	0.781302096797	0.795571315405	0.769239684627	0.689375574015	0.771613250929	0.715701400643	0.840777075772	0.707852243199	0.762797334078	0.736549854424	0.863324133378	0.897280664834	0.714361589922	0.679457343211	0.809441475058	0.852584326724	0.651782715904	0.878386969029	0.661966806804	0.863085212828	0.744183180783	0.843111502142	0.807027223876	0.779701104811	0.86816812113	0.76721806775	0.854848136275	0.743563636606	0.74028978077	0.826661460803	0.863808609763	0.755044729753	0.698945571407	0.738177840359	0.726206923747	0.781533339812	0.710147439431	0.912904216004	0.767646384776	0.766379796199	0.863363917278	0.696992168017	0.804731059845	0.870291133454	0.840538484781	0.710082741172	0.78440334936	0.891223298179	0.73475744922	0.634899737912	0.784995003277	0.821181930555
CM1.141723	0.779077557214	0.726967385044	0.808751822141	0.703023584226	0.868234390325	0.781309451413	0.833614246515	0.857991642038	0.828875434699	0.741648220397	0.705311950633	0.0	0.833284385792	0.698647582582	0.638507643135	0.779621218158	0.759078582308	0.600797771225	0.726909687787	0.761601280066	0.850858904272	0.798569170526	0.755411100208	0.85118353212	0.844160513622	0.700148947983	0.779850325776	0.8110962908	0.732409363381	0.886302928407	0.682261235402	0.704149467029	0.749264529436	0.838942192551	0.764866219214	0.617266806866	0.749433291355	0.771762830717	0.797553295971	0.717100814611	0.784265608414	0.695606435068	0.850316283678	0.796966352522	0.778572739916	0.767840089697	0.846300406184	0.902997856548	0.593691431066	0.712743561299	0.810772544699	0.850523502313	0.699722560733	0.862470227453	0.726218690033	0.844621596662	0.701754594741	0.835027330383	0.826588682382	0.777838898117	0.881227348575	0.79371114945	0.869680547024	0.703168472928	0.786872082185	0.810479731343	0.855308364472	0.70099513347	0.76914594767	0.798426973081	0.663119049829	0.810775570242	0.734226258909	0.909186703963	0.779320388087	0.705303186181	0.856122591078	0.705972422181	0.824954646378	0.867024930485	0.834702657821	0.729864700353	0.753693065609	0.867234991527	0.725149389329	0.675452873053	0.761509560089	0.823124060588
LQ2.141729	0.771873434323	0.806249711955	0.875553646567	0.836874803642	0.682374001252	0.824398434366	0.707328995193	0.71053485237	0.756783109579	0.807416882564	0.838282046908	0.833284385792	0.0	0.845680515759	0.83658133747	0.800101425206	0.769177469399	0.831656822439	0.792191168579	0.814254448313	0.63458500578	0.821969466646	0.721009098133	0.723155811836	0.706819279886	0.826791404195	0.748256058507	0.759742514943	0.846269269206	0.704121846178	0.834915200057	0.85162601626	0.871376822251	0.817924332009	0.849346870546	0.832486720336	0.772416955502	0.743694130835	0.859033338561	0.832330581039	0.795272014011	0.849354072548	0.766564628902	0.885212984199	0.793727787668	0.794572562357	0.723488044173	0.740933918519	0.835671832495	0.833163378977	0.743269783817	0.728613820153	0.858250328324	0.733820615284	0.857529649241	0.666643274917	0.810088964135	0.734016616138	0.895148747778	0.810386684569	0.72019419991	0.815610867919	0.783534173261	0.783417516492	0.867177795779	0.770169194806	0.678124775046	0.785178933951	0.872572956786	0.871758375485	0.805969465569	0.758744662481	0.842289126025	0.758578278268	0.816361229208	0.792811484097	0.727310921447	0.799288150128	0.754548568735	0.673839285199	0.741108769666	0.812675673757	0.742448001348	0.735634048261	0.800480544075	0.849515947701	0.778526897193	0.755217446253
SR2.141673	0.793005811266	0.747223990154	0.67864427186	0.658709237576	0.871083004944	0.748625952809	0.840635667045	0.870371273876	0.842443438713	0.686387126298	0.635495189234	0.698647582582	0.845680515759	0.0	0.681397405071	0.762612253515	0.764651738798	0.697634160038	0.751379802455	0.779361198446	0.854979519052	0.766034183474	0.785218710767	0.865981882917	0.851182896039	0.735259324206	0.801711411429	0.817203292254	0.62654897933	0.88892914054	0.668505866055	0.629487679568	0.640312208208	0.83080258644	0.676314984064	0.694109085235	0.790129273643	0.7929845126	0.744375206268	0.665615071567	0.791246018414	0.747114891693	0.817645926908	0.68043761518	0.753100753884	0.775120499647	0.861704173237	0.900939281881	0.69949221772	0.653610840536	0.820274384809	0.848544490545	0.638709579716	0.867842017221	0.645111518129	0.861525687031	0.758881955637	0.844263432479	0.77837278228	0.776654657581	0.869176969536	0.770826552817	0.85593481368	0.764639879972	0.696224309354	0.815202856768	0.864785834391	0.77403729995	0.655899441967	0.715976394412	0.726725367393	0.790191452797	0.655589488905	0.910496002937	0.796976939799	0.777017964429	0.860540013083	0.720552780385	0.818225060212	0.870279325125	0.840536341577	0.699715221345	0.783493783577	0.889042410545	0.718765195529	0.668264491098	0.776245244538	0.82191314658
CR1.141682	0.779888061433	0.726444982036	0.770165085885	0.680075618307	0.872344762121	0.779358359946	0.838618765224	0.870010184484	0.842344742885	0.718692938842	0.722675416152	0.638507643135	0.83658133747	0.681397405071	0.0	0.778610437063	0.759809984757	0.622823502511	0.73605246628	0.763529064881	0.839064209861	0.792381139213	0.760626415457	0.858917572403	0.84387861183	0.682668814085	0.778028421733	0.811789363109	0.693566074352	0.881990704942	0.678702049626	0.699671173321	0.710859271744	0.841653129227	0.74248607128	0.632654530787	0.770468875297	0.784690957579	0.76832899316	0.688354237779	0.787195923915	0.728926788286	0.843253127075	0.75556143777	0.772393003415	0.770698876494	0.85481740449	0.895183873351	0.607162441621	0.69651754313	0.80946021145	0.847784548931	0.68810596536	0.850010625242	0.69554264464	0.849659487592	0.723062183156	0.823151885306	0.80798096466	0.761800136689	0.868740355105	0.793059219689	0.861308612151	0.701734699323	0.775306635803	0.818747615993	0.852625870852	0.723460696346	0.715489480589	0.76483932267	0.66753270657	0.800597670401	0.718680215026	0.907262644143	0.789591534197	0.716943972817	0.852374123494	0.706848470525	0.822970255019	0.86341518169	0.835489422175	0.713833115724	0.754138156441	0.868728551256	0.720212169885	0.688543055343	0.746855720937	0.816435570277
VC1.141722	0.667300873793	0.735887881472	0.823355752554	0.735500992613	0.80052054247	0.672382074031	0.732282961226	0.792712975418	0.736618779194	0.725031317479	0.764800147138	0.779621218158	0.800101425206	0.762612253515	0.778610437063	0.0	0.679786276869	0.76790748862	0.695662055829	0.729382010493	0.792523123815	0.826371683399	0.751126150208	0.765597342645	0.738505508792	0.722102166078	0.675949631388	0.664550896788	0.773921182068	0.796597907822	0.72713773241	0.756506254024	0.815205640576	0.766723416525	0.725142729687	0.767564172721	0.700127101029	0.71378095005	0.837961230313	0.72933600179	0.789685379904	0.726442143595	0.730434873445	0.828516305179	0.654237193381	0.654448704052	0.765010904911	0.825763452265	0.77635842845	0.716870873802	0.670383565938	0.778265143564	0.751048857663	0.773288013108	0.78506119248	0.797217859438	0.736977024711	0.796177064019	0.863515905328	0.672352337346	0.770976129567	0.720270712711	0.772203126103	0.743889288395	0.811647197085	0.673299120636	0.785342505833	0.738043667043	0.819155115172	0.824362122001	0.713253002134	0.68473667596	0.744073286994	0.836273373634	0.728289041834	0.763779621677	0.792007189004	0.707137063976	0.71093656244	0.801834680598	0.727909782339	0.708600231448	0.722703435595	0.774114230451	0.696387849976	0.753568917792	0.695651663401	0.702129776343
IE2.141655	0.640906302613	0.69770222342	0.821204500737	0.72904417536	0.794387394303	0.679511117223	0.716506100671	0.776796210654	0.725898659561	0.705751640203	0.76882577951	0.759078582308	0.769177469399	0.764651738798	0.759809984757	0.679786276869	0.0	0.767035682833	0.655917328884	0.731455151643	0.779182602253	0.794651607765	0.715422769554	0.751271116964	0.725415967837	0.683939496308	0.660068931276	0.680654379107	0.773457979874	0.804375515117	0.73374761111	0.755846705765	0.8018900672	0.748431377699	0.729285518492	0.767003637676	0.608616163877	0.686523508784	0.826260045439	0.709457157981	0.771792065189	0.709590977805	0.744197898904	0.831311016324	0.678743803422	0.631586254389	0.757018467258	0.819221250894	0.765092400954	0.735266148253	0.667427341309	0.777404094028	0.763444215625	0.759667285565	0.779185566334	0.787458169921	0.700870466695	0.76020357933	0.858920644907	0.636889718158	0.769787121613	0.703264923553	0.769565676597	0.715103475076	0.819412569946	0.676011987709	0.773469262855	0.70743451709	0.80939992279	0.811456520233	0.673280765522	0.675573406305	0.742756595559	0.834009400394	0.708927460989	0.737543848698	0.769148152673	0.711862325997	0.702387079173	0.774955620755	0.714530715176	0.668538337679	0.687929862504	0.790244779836	0.656341427193	0.733058031358	0.651169888444	0.703262973651
RT2.141710	0.784000837393	0.714504901033	0.78717159326	0.698957499106	0.861174933218	0.770542168481	0.829236520199	0.85039475219	0.830750173154	0.730371791039	0.712404277462	0.600797771225	0.831656822439	0.697634160038	0.622823502511	0.76790748862	0.767035682833	0.0	0.735704187218	0.748567322092	0.836027230604	0.783425390753	0.750308130308	0.835055193289	0.837610187802	0.706968247579	0.771545872095	0.812459259466	0.704282769584	0.878061387235	0.666865672938	0.701188156028	0.728653473707	0.833634168305	0.721440063488	0.616480080006	0.757423963554	0.744119275356	0.80528321173	0.699747093299	0.773366683271	0.712319918289	0.842632137884	0.773679492489	0.765709295759	0.752246024737	0.845084479626	0.889343368237	0.569277443512	0.698154177134	0.808979165221	0.843829412152	0.690321224812	0.856081867188	0.712641802895	0.841136161672	0.704707597511	0.826279987525	0.830916434445	0.746368063685	0.863483329618	0.783704676627	0.861727917832	0.685331653839	0.782881117515	0.817300810412	0.852635723231	0.705478131054	0.748420689514	0.781366878611	0.668224564526	0.779266222612	0.717844462919	0.898380058816	0.776448401108	0.721323277399	0.836729712138	0.693307897403	0.803628974461	0.85003531817	0.820764206987	0.701171677338	0.758667220661	0.860835373051	0.73754725046	0.673653230302	0.756546671436	0.814004504088
CC1.141721	0.692952713183	0.70646384851	0.819016238986	0.712113313084	0.820213972414	0.706971441315	0.766185183113	0.798047962057	0.753106723879	0.708274709212	0.745727843909	0.726909687787	0.792191168579	0.751379802455	0.73605246628	0.695662055829	0.655917328884	0.735704187218	0.0	0.709321676283	0.799561000734	0.814935915561	0.689004675148	0.793712480256	0.772429216314	0.70163029715	0.699847431311	0.706357650495	0.742444815294	0.830760867864	0.695733005245	0.75302277993	0.797792468323	0.808356483408	0.730452190534	0.744317488914	0.683120734661	0.703453953314	0.829503486021	0.703796735929	0.778973888576	0.677231925211	0.787941605074	0.81654903395	0.706305301724	0.662542616104	0.792514293982	0.840607072763	0.753330147862	0.702283917452	0.718878504591	0.786607608827	0.733677874942	0.774149075313	0.769504764675	0.810541772956	0.664619411375	0.773824087945	0.867261222182	0.666994194424	0.805851892003	0.734984295315	0.803276379537	0.702715092266	0.819455027325	0.71635868189	0.806504901786	0.703386169882	0.797166629747	0.807608669568	0.683247906828	0.721841637429	0.739972782547	0.857782992451	0.725595189282	0.721381752396	0.79367996072	0.701575704356	0.755563020301	0.801910773217	0.77059548501	0.694580667882	0.710019180318	0.817955239376	0.6557433525	0.701916751581	0.689915792303	0.753669878145
TL2.141706	0.752485289039	0.738422613935	0.851417586185	0.725173723859	0.84915777173	0.734758646115	0.810563567535	0.839104786808	0.771840325344	0.749675433299	0.758982265689	0.761601280066	0.814254448313	0.779361198446	0.763529064881	0.729382010493	0.731455151643	0.748567322092	0.709321676283	0.0	0.803466335525	0.819545591599	0.727732800211	0.829405374386	0.818206836482	0.752696872726	0.749337644953	0.748334461267	0.768663266182	0.865976468659	0.722375067593	0.792222532824	0.810126302266	0.854614270039	0.771833800232	0.750980473516	0.697586663977	0.753128938782	0.862312738017	0.72865905199	0.796357973499	0.684121749391	0.81930946909	0.844023164204	0.742590347222	0.713382875826	0.843248688165	0.883441809986	0.76641349967	0.750441036567	0.77596033445	0.818701689511	0.749390164803	0.847303181765	0.792432749338	0.829321090127	0.698155037543	0.789260396662	0.877296272715	0.730444538101	0.853937915098	0.792500913024	0.779277384827	0.708596779384	0.845338436734	0.760661264322	0.80404305677	0.734410252108	0.834945325677	0.839206324376	0.716485188372	0.729376434624	0.78522254999	0.893664837566	0.685075900157	0.739238258969	0.812867260613	0.693128357064	0.775101484237	0.83464557581	0.797362503075	0.729430738656	0.788636774944	0.851111430626	0.709079480929	0.728078250552	0.751563116106	0.803409848127
PE6.141700	0.776979159076	0.817166853011	0.882892475174	0.842216816076	0.646132454796	0.82635663189	0.69804305061	0.690002607463	0.729769159496	0.804130879475	0.856926876788	0.850858904272	0.63458500578	0.854979519052	0.839064209861	0.792523123815	0.779182602253	0.836027230604	0.799561000734	0.803466335525	0.0	0.847426525371	0.723537074044	0.686921587143	0.725455315475	0.822409955576	0.733504566035	0.753328743593	0.85779962736	0.705967858299	0.842544934946	0.860512835503	0.875223241931	0.816598506134	0.851943221587	0.832306843531	0.776056533839	0.719611376705	0.877472425163	0.836924544989	0.814485390546	0.842506723367	0.757616817258	0.882788177304	0.790295832566	0.797829248724	0.716529397441	0.758459227732	0.841781184113	0.837539299702	0.744828396122	0.719394084203	0.862419208596	0.729334859676	0.862240180115	0.683076803195	0.804937226745	0.726005194866	0.911289877171	0.80955083219	0.718823736033	0.815887099889	0.792097480619	0.789266101075	0.883237111157	0.751630723418	0.686431238318	0.784390941598	0.880120079963	0.873016986493	0.807250756691	0.740163430566	0.854269421601	0.734572113664	0.811030528734	0.793656420131	0.730917164815	0.818086107697	0.742767501204	0.672714495193	0.706804662862	0.813952346709	0.744931612501	0.727007922727	0.802939081576	0.846225316004	0.757698941496	0.77377147222
HI1.141693	0.824563507319	0.79288700253	0.73945867647	0.78627834568	0.858072554376	0.814643836036	0.83371239657	0.849859795678	0.835168572598	0.762432729927	0.791074704609	0.798569170526	0.821969466646	0.766034183474	0.792381139213	0.826371683399	0.794651607765	0.783425390753	0.814935915561	0.819545591599	0.847426525371	0.0	0.819479974245	0.84684351806	0.835649569047	0.781464221192	0.816914429026	0.832132876304	0.772986667449	0.866265549327	0.778906289908	0.783842948689	0.748860795453	0.799059353923	0.780458780025	0.786949059793	0.814982168163	0.817751747845	0.766609699935	0.77609517874	0.763089742313	0.833991587114	0.848327137046	0.76471394971	0.795676883686	0.811613078363	0.848608795731	0.874792747873	0.792178441006	0.785388350966	0.823829850633	0.839706579019	0.779098244349	0.842526645031	0.766338742597	0.854098987973	0.814280176094	0.833019398568	0.764004534646	0.820607408838	0.85958413785	0.780440400592	0.861280758208	0.777485332847	0.759385829732	0.849380938387	0.847317837043	0.803915704268	0.755256712781	0.741169391433	0.780290459457	0.811628756573	0.778212248794	0.879116536392	0.826197395653	0.77855595941	0.823919460954	0.784669504061	0.796524941288	0.840509650122	0.834225564742	0.782672300792	0.805424451503	0.864344327398	0.781702051654	0.784083591095	0.81521784111	0.811811506882
PE7.141734	0.722355420178	0.715694868608	0.853574027459	0.761988529372	0.773660636707	0.776428099901	0.749320410482	0.77106969353	0.7568801097	0.758331364881	0.779613506542	0.755411100208	0.721009098133	0.785218710767	0.760626415457	0.751126150208	0.715422769554	0.750308130308	0.689004675148	0.727732800211	0.723537074044	0.819479974245	0.0	0.772602761798	0.776059267145	0.748905466869	0.700921970799	0.728200322892	0.790137921749	0.790137241786	0.772432685931	0.790331272719	0.830592331693	0.832274494437	0.780892510677	0.759624320473	0.68268696433	0.699712469949	0.8523892821	0.746013103795	0.791519520449	0.733286366053	0.771272130116	0.847523781415	0.750512165369	0.733010518737	0.781754671344	0.829931038706	0.75797510656	0.770349310414	0.735988752191	0.764561384722	0.775699567731	0.774699488543	0.808951362706	0.745242218279	0.692037519917	0.722162788342	0.8809270802	0.730417518182	0.797949538331	0.790742235293	0.804462961794	0.697639205245	0.856326440442	0.739426622573	0.768491435275	0.685856386435	0.837344348928	0.836870906544	0.714385669014	0.721514621161	0.788081795552	0.841377031985	0.746311580458	0.680749773043	0.790245994953	0.756493749776	0.762395676647	0.76282766951	0.772506622167	0.747938978935	0.725603710821	0.801849604228	0.731395561479	0.768804971837	0.72246988506	0.790669441712
BF1.141647	0.735134301999	0.821348150515	0.874712411813	0.851152316998	0.662497570886	0.813985995187	0.653849845862	0.659405757273	0.696387556883	0.810847766873	0.858838091035	0.85118353212	0.723155811836	0.865981882917	0.858917572403	0.765597342645	0.751271116964	0.835055193289	0.793712480256	0.829405374386	0.686921587143	0.84684351806	0.772602761798	0.0	0.649336267957	0.839760011328	0.694667361066	0.704750443286	0.865708664723	0.673911197281	0.844278663847	0.866973884951	0.868737527496	0.755902225709	0.833803225406	0.844537006765	0.760685301542	0.722547424742	0.874981148695	0.83141951775	0.806306344482	0.845947607258	0.69683314748	0.881091251602	0.776287736426	0.770877824957	0.61704133899	0.674628008147	0.861421704488	0.847448073753	0.687071982169	0.703337213519	0.860086142102	0.623791589325	0.863446825867	0.714506481421	0.823143827354	0.75529721931	0.9030449087	0.780415126809	0.627593894033	0.78663575701	0.738246024948	0.808127232172	0.880863135971	0.696814742377	0.722311373135	0.823540557127	0.871594897806	0.862925088201	0.824468858734	0.704845046156	0.856883199136	0.671860719608	0.790138725204	0.808899775819	0.664009455802	0.821118922037	0.694855515007	0.667511117148	0.662077904522	0.81612466437	0.768888153836	0.635775284016	0.786032105803	0.861268828623	0.766678118035	0.729267507328
MP2.141695	0.697642054616	0.810171843632	0.858530990581	0.833594088464	0.694653318567	0.780522635614	0.657706653003	0.66825780799	0.686815358071	0.795808299223	0.834490998254	0.844160513622	0.706819279886	0.851182896039	0.84387861183	0.738505508792	0.725415967837	0.837610187802	0.772429216314	0.818206836482	0.725455315475	0.835649569047	0.776059267145	0.649336267957	0.0	0.818509841241	0.700025798168	0.64564269524	0.85011452552	0.704706511281	0.833352715315	0.855352559245	0.873081663305	0.756302955879	0.816244848335	0.840940894641	0.751861878414	0.719969046217	0.85713537084	0.827525596954	0.805365478028	0.835205684398	0.659476385505	0.872403630202	0.725828165748	0.755282108068	0.639459276736	0.692679818811	0.849385330001	0.818989596367	0.667611274334	0.700611143507	0.84384700745	0.65571599957	0.863909083225	0.736690225336	0.820541595803	0.76341060037	0.895840600831	0.775555143225	0.652542871162	0.772291856544	0.737528062437	0.808350611626	0.876240709612	0.642214666725	0.739194600577	0.805932812982	0.868510369521	0.865636253103	0.811533211967	0.688151181265	0.851976283741	0.715821827937	0.796941343939	0.802880449301	0.680880094477	0.80619210053	0.669522101695	0.674551228276	0.605050082901	0.807277581499	0.760291188397	0.64854609308	0.766643831029	0.837943721195	0.779913619543	0.679808173491
